8   13   14   16   20   21   24   6
1   9   12   16   17   29   30   2
18   19   23   24   25   27   30   8
3   5   9   16   22   25   26   14
8   9   10   17   20   21   23   30
2   4   5   13   15   18   22   19
3   4   6   16   18   20   27   24
9   11   16   19   20   24   30   5
11   12   14   18   22   28   29   27
4   7   15   20   22   23   24   28
1   8   15   16   21   23   27   19
6   7   9   12   14   23   26   3
4   7   9   13   14   23   30   25
1   2   12   18   21   23   29   19
8   11   12   25   26   27   30   18
1   2   8   17   22   29   30   16
4   5   12   20   26   28   30   22
4   6   13   16   17   19   27   21
3   6   7   8   11   16   27   23
10   16   20   21   23   28   29   14
4   5   6   9   17   19   27   26
13   15   17   18   24   25   26   21
1   9   12   15   24   26   29   3
2    13   14   16   23   28   30   22
17   18   21   23   25   27   28   26
4   8   9   16   21   26   28   19
3   4   7   11   12   23   28   30
10   12   15   16   17   21   29   1
2   4   7   14   17   20   26   19
7   10   16   18   22   23   24   6
4   6   10   14   18   25   28   8
12   13   14   15   21   24   27   1
2   8   11   13   19   23   26   4
1   3    8   13   19   21   27   6
3   6   11   14   16   21   26   18
4   9   10   11   16   25   30   17
1   8   19   20   21   27   28   14
9   21   23   24   25   26   28   5
1   9   14   23   25    27   30   22
4   8   11   14   18   20   24   21
2   4   5   10   11   21   25   16
7   11   14   15   22   24   30   17
1   2   3   6   7   23   26   24
3   7   9   14   20   24   28   19
2   7   11   14   17   20   22   18
2   6   20   21   23   24   25   26
2   5   10   14   16   18   22   19
6   13   19   23   26   27   28   11
3   8   14   16   24   25   30   26
10   16   22   23   26   28   29   30
1   5   6   9    16   17   18   4
2   3   4   8    13   16   20   27
1   3   6   7    16   25   26   20
6   8   13   17   18   19   25   20
4   5   16   17   19   21   28   30
2   3   10   12   13   21   29   24
3   4   6   9   10   16   20   8
6   9   15   20   23   27   30   8
3   8   12   20   22   26   28   15
3   9   12   14   21   23   27   5
2   4   5   11   20   24   29   19 
8   9   11   15   16   22   30   4 
1   4   16   20   26   27   28   25
10  11  13   18   26   27   28   30
4   5   6   17   20   23   25   9