1221790
1282410
1241980
1265880
1301360
1298670
1273770
1300620
1301750
1318300
1327550
1356910
1329360
1312580
1330460
1316710
1293410
1303150
1304690
1301800
1286760
1303180
1302230
1285860
1297670
1302460
1304330
1297080
1315840
1307490
1325940
1311260
1302460
1286620
1254840
1334820
1316070
1300180
1312700
1322690
1324290
1301220
1329480
1344410
1316200
1298770
1292840
1291300
1257040
1161510
1131040
1158920
1170040
1180570
1185130
1168810
1219190
1250270
1247470
1268050
1272450
1259330
1253240
1253970
1251260
1268620
1271920
1301350
1271750
1267570
1283680
1267290
1270150
1253520
1287010
1262660
1267490
1265480
1252990
1239940
1282130
1291390
1238910
1216360
1294160
1272960
1268830
1265110
1251390
1243140
1251390
1242310
1256230
1236740
1238780
1261270
1264870
1243760
1269990
1255340
1263390
1258020
1254570
1220710
1214410
1232470
1247210
1261450
1266820
1270970
1267860
1244790
1284790
1302930
1273300
1282350
1306470
1294990
1249010
1234530
1254540
1172680
1238920
1244000
1245930
1201170
1251330
1277060
1279400
1289310
1288860
1268640
1260690
1294670
1308980
1312510
1338540
1346500
1304270
1285700
1315690
1321780
1337360
1333750
1346180
1319540
1300040
1344220
1353050
1367000
1392320
1400620
1353070
1357470
1386980
1387880
1393490
1363730
1373140
1364070
1340880
1381950
1398110
1424930
1369470
1386070
1289340
1280600
1373160
1382780
1348520
1355420
1385120
1371400
1308540
1364100
1421960
1428830
1374770
1382410
1380770
1375140
1389350
1430150
1376240
1343160
1382030
1419240
1458990
1441210
1404560
1361710
1352080
1418020
1392680
1422600
1446730
1450670
1423390
1418770
1452850
1405290
1387790
1335620
1365070
1290340
1294870
1322480
1384950
1377340
1377920
1377340
1347850
1414340
1407270
1444060
1433090
1449780
1413460
1398150
1397690
1361020
1337180
1373080
1384850
1348920
1351300
1395630
1408580
1400660
1412360
1413580
1389050
1392710
1449330
1505050
1451320
1466090
1468760
1463430
1445660
1447270
1417240
1382140
1354700
1296140
1356430
1378910
1342790
1366290
1351270
1342690
1379320
1393930
1386180
1355690
1310260
1355190
1311200
1352020
1342550
1348040
1341230
1349110
1331380
1331960
1363610
1368990
1352840
1340260
1349930
1324540
1275970
1234450
1178120
1209300
1286030
1324090
1239070
1276400
1302240
1295370
1289400
1299450
1296550
1279070
1249460
1245600
1262890
1258450
1260380
1267000
1258040
1225490
1271680
1255990
1265660
1272400
1252120
1252400
1237060
1254900
1240840
1237930
1218570
1238670
1232980
1184380
1215180
1240660
1223590
1237910
1232530
1240850
1191360
1243020
1259010
1263350
1253600
1277250
1244680
1244250
1270370
1245430
1268580
1263440
1289710
1271290
1269600
1298770
1279670
1281270
1299300
1302170
1273210
1271440
1289620
1284440
1253620
1311410
1314080
1314640
1291700
1302870
1316980
1304220
1294610
1305710
1285190
1245090
1277730
1283480
1277630
1278410
1289280
1233870
1250330
1269810
1262770
1259050
1264390
1292870
1259340
1241520
1256170
1235060
1224777.6
1270069.2
1280584.8
1310641.2
1282716.9
1319987.25
1342115.55
1353800.7
1359700.2
1378040.4
1372140.9
1353780
1367617.95
1360290.15
1378402.65
1377284.85
1401762.6
1376901.9
1370505.6
1387169.1
1362391.2
1366862.4
1387624.5
1361056.05
1351130.4
1347156
1376694.9
1369760.4
1356605.55
1357992.45
1354690.8
1409598.9
1407887.6
1410874.2
1425927.1
1445176.5
1381149.9
1246785.6
1221628.4
1228876.9
1252704.3
1275398.1
1310834
1330900.9
1341354
1328372.1
1337735.2
1365693.7
1354989.9
1328350.3
1366216.9
1355164.3
1341528.4
1352210.4
1375547.3
1360908.6
1364254.9
1358227.2
1396388.1
1247910
1239530
1291610
1279950
1268920
1279560
1275060
1246860
1232210
1255090
1250580
1237420
1233720
1275340
1260230
1237660
1260590
1245440
1265550
1264950
1265130
1238770
1231300
1249470
1253760
1237930
1246390
1263570
1236940
1222950
1233780
1297965.6
1290837.6
1308754.8
1326790.8
1302015.6
1305050.4
1329382.8
1305547.2
1325365.2
1334361.6
1355292
1337245.2
1328162.4
1345669.2
1328842.8
1331143.2
1329728.4
1339794
1316044.8
1299801.6
1322298
1321574.4
1314705.6
1323334.8
1356728.4
1343930.4
1342677.6
1360195.2
1346230.8
1355778
1178720
1168710
1183760
1220860
1233520
1187850
1206540
1227880
1242010
1203300
1207710
1182760
1226020
1258900
1246900
1273630
1249410
1229260
1262980
1264050
1258340
1289710
1268510
1244290
1250150
1247190
1232920
1238410
1242750
1279530
1229640
1234300
1256390
1220410
1241370
1252680
1260900
1241290
1244410
1290060
1299430
1334160
1410150
1385670
1338710
1329710
1370440
1387180
1381840
1327040
1366890
1380480
1361840
1385270
1404090
1357470
1343600
1358490
1382080
1358290
1321730
1295860
1370480
1331200
1319330
1335420
1344950
1402740
1394560
1428770
1444700
1446140
1436430
1439780
1466160
1499480
1458320
1449750
1463510
1392090
1393990
1391830
1488350
1468250
1489230
1496120
1483420
1444740
1489060
1451210
1478930
1458740
1403440
1404180
1414820
1438970
1461050
1494310
1447440
1477150
1429340
1426160
1470420
1472770
1492840
1476940
1462770
1375650
1396590
1438030
1445090
1378690
1416560
1418680
1421090
1430940
1458320
1473340
1456350
1439120
1441440
1425710
1461420
1431260
1382640
1390630
1395990
1407450
1376570
1379440
1421150
1391630
1363480
1356780
1346820
1346960
1337480
1354010
1333100
1339430
1351150
1335930
1319890
1320170
1334430
1354820
1311870
1322200
1333160
1293710
1284970
1292380
1289110
1201970
1196680
1163640
1204310
1282950
1279090
1283820
1280670
1290350
1304010
1265480
1255570
1294550
1285290
1274460
1277300
1276950
1277830
1268500
1312580
1285940
1282230
1271380
1248350
1243390
1239950
1268400
1258210
1262290
1256220
1255900
1336280.2
1308663.5
1343727.4
1341801.4
1323804
1338131.3
1345236.1
1322477.2
1309219.9
1342454.1
1330502.2
1334300.7
1339821.9
1350243.7
1322659.1
1308535.1
1340752.8
1363490.3
1372863.5
1357690.9
1375613.4
1332438.9
1318935.5
1343502.7
1336494.2
1351153.2
1346916
1347964.6
1331368.9
1316859.7
1259530
1276370
1260410
1254310
1263630
1239420
1235860
1253170
1260580
1264090
1261740
1277470
1250110
1242310
1253420
1242610
1233930
1240450
1240300
1226740
1217890
1235100
1235990
1215790
1210410
1222940
1205090
1195510
1213950
1214080
1207150
1302579.2
1324042.24
1337937.92
1381181.44
1379235.84
1429176.32
1384325.12
1384888.32
1379553.28
1358940.16
1346775.04
1366282.24
1377157.12
1370828.8
1396572.16
1396152.32
1384069.12
1401753.6
1433538.56
1446799.36
1439303.68
1442232.32
1449256.96
1440921.6
1437132.8
1453230.08
1435105.28
1313812.48
1297152
1338306.56
1341624.32
1341714.75
1362645.25
1392411.25
1410389.75
1402979
1405439
1378686.5
1381515.5
1396070.5
1391857.75
1389961.5
1389674.5
1395998.75
1379988.25
1387245.25
1408093.75
1408831.75
1383381
1378922.25
1411199.5
1380326.5
1363875.25
1370261
1400549.75
1382376.5
1356587.5
1371388.5
1386333
1331960
1347020
1346520
1338070
1339160
1394570
1336230
1324320
1342440
1333280
1342380
1354970
1370270
1337160
1331810
1357830
1350690
1315910
1334310
1350740
1323760
1337810
1348670
1347530
1343910
1338250
1336650
1335710
1314480
1322150
1318400
1309920
1317900
1335750
1296080
1297440
1327770
1322530
1345190
1344210
1357590
1297440
1314290
1328210
1338700
1354540
1324430
1374870
1361170
1351900
1411060
1421090
1351310
1324260
1363820
1330490
1326470
1325960
1301640
1326100
1309050
1236880
1280890
1312950
1345670
1364010
1348720
1343710
1338470
1317330
1295210
1326860
1349540
1366670
1388930
1391720
1333880
1359550
1408420
1439590
1370080
1357130
1366120
1319000
1318260
1372450
1387070
1364760
1348800
1366290
1343840
1350240
1358670
1302860
1340760
1326200
1360330
1342490
1281250
1361950
1374170
1393370
1392960
1361130
1368770
1376020
1428260
1453570
1372190
1366270
1413970
1406740
1395280
1420340
1414530
1422960
1419740
1440340
1473290
1485500
1503170
1411890
1408970
1510180
1482850
1446150
1437640
1455450
1456830
1450640
1453800
1449500
1438700
1400210
1466910
1485910
1489610
1488360
1441840
1433180
1434430
1488450
1502230
1486050
1451670
1480240
1469830
1460090
1493370
1480450
1494300
1490660
1476050
1445610
1436860
1483280
1464830
1500100
1526010
1457010
1468970
1464250
1488080
1512690
1528320
1543180
1500090
1469830
1455470
1471180
1499470
1502070
1485270
1485280
1384980
1456220
1462580
1495920
1479840
1471000
1485140
1448190
1453180
1468850
1481130
1496780
1498680
1501300
1490240
1473860
1524820
1508120
1514840
1524810
1533480
1485390
1484260
1456680
1477230
1478910
1449470
1491210
1436700
1399200
1459060
1458540
1446000
1450300
1466850
1442260
1435280
1447890
1454440
1443450
1354370
1332170
1349890
1369970
1392250
1413230
1425960
1403600
1428400
1384210
1370420
1407240
1369740
1401540
1400670
1412550
1392980
1387260
1414410
1435290
1411560
1406750
1409150
1355510
1335650
1391290
1390040
1391370
1391630
1375710
1355910
1341040
1373510
1374380
1369690
1370980
1371730
1353960
1357450
1372240
1382170
1389140
1365260
1376790
1361570
1281610
1367000
1367530
1380670
1392160
1402920
1372290
1363710
1393430
1400750
1405300
1379390
1405890
1374730
1350890
1371590
1356100
1371020
1374300
1382450
1374310
1348560
1383370
1372690
1366850
1365910
1369030
1345900
1345160
1358730
1354360
1349060
1350130
1355240
1336760
1321450
1337960
1331890
1332570
1321580
1333740
1305350
1298050
1316300
1315520
1310880
100001.215
1331466.85
1392996.15
1351959.7
1376218.2
1412230.4
1409500.05
1384226.55
1411479.3
1412626.25
1429424.5
1438813.25
1468613.65
1440650.4
1423618.7
1441766.9
1427810.65
1404161.15
1414047.25
1415610.35
1412677
1397411.4
1414077.7
1413113.45
1396497.9
1408485.05
1413346.9
1415244.95
1407886.2
1426927.6
1418452.35
1437179.1
1468520.48
1459298.08
1442697.76
1409392.32
1493211.36
1473561.36
1456908.64
1470029.6
1480499.12
1482175.92
1457998.56
1487615.04
1503261.68
1473697.6
1455430.96
1449216.32
1447602.4
1411697.92
1311582.48
1279649.92
1308868.16
1320521.92
1331557.36
1336336.24
1319232.88
1372031.12
1404602.96
1401668.56
1362450
1349330
1343240
1343970
1341260
1358620
1361920
1391350
1361750
1357570
1373680
1357290
1360150
1343520
1377010
1352660
1357490
1355480
1342990
1329940
1372130
1381390
1328910
1306360
1384160
1362960
1358830
1355110
1341390
1333140
1341390
1332310
1346230
1326740
1328780
1351270
1354870
1333760
1359990
1345340
1353390
1348020
1344570
1310710
1304410
1322470
1337210
1351450
1356820
1360970
1357860
1334790
1374790
1392930
1363300
1372350
1396470
1384990
1339010
1324530
1344540
1262680
1328920
1334000
1335930
1291170
1341330
1367060
1369400
1379310
1378860
1358640
1350690
1384670
1398980
1402510
1428540
1436500
1394270
1375700
1405690
1411780
1427360
1423750
1436180
1409540
1390040
1434220
1443050
1457000
1482320
1490620
1443070
1447470
1476980
1477880
1483490
1453730
1463140
1454070
1430880
1471950
1488110
1514930
1459470
1476070
1379340
1370600
1463160
1472780
1438520
1445420
1475120
1461400
1398540
1454100
1511960
1518830
1464770
1472410
1470770
1465140
1479350
1520150
1466240
1433160
1472030
1509240
1548990
1531210
1494560
1451710
1442080
1508020
1482680
1512600
1536730
1540670
1513390
1508770
1542850
1495290
1477790
1425620
1455070
1380340
1384870
1412480
1474950
1467340
1467920
1467340
1437850
1504340
1497270
1534060
1523090
1539780
1503460
1488150
1487690
1451020
1427180
1463080
1474850
1438920
1441300
1485630
1498580
1490660
1502360
1503580
1479050
1482710
1539330
1595050
1541320
1556090
1558760
1553430
1535660
1537270
1507240
1472140
1444700
1386140
1446430
1468910
1432790
1456290
1441270
1432690
1469320
1483930
1476180
1445690
1400260
1445190
1401200
1442020
1432550
1438040
1431230
1439110
1421380
1421960
1453610
1458990
1442840
1430260
1439930
1414540
1365970
1324450
1268120
1299300
1376030
1414090
1329070
1366400
1392240
1385370
1379400
1389450
1386550
1369070
1339460
1335600
1352890
1348450
1350380
1357000
1348040
1315490
1361680
1345990
1355660
1362400
1342120
1342400
1327060
1344900
1330840
1327930
1308570
1344614.04
1338855.76
1289672.56
1320842.16
1346627.92
1329353.08
1343844.92
1338400.36
1346820.2
1296736.32
1349016.24
1365198.12
1369590.2
1359723.2
1383657
1350696.16
1350261
1376694.44
1351455.16
1374882.96
1369681.28
1396266.52
1377625.48
1375915.2
1405435.24
1386106.04
1387725.24
1405971.6
1408876.04
1379568.52
1361440
1379620
1374440
1343620
1401410
1404080
1404640
1381700
1392870
1406980
1394220
1384610
1395710
1375190
1335090
1367730
1373480
1367630
1368410
1379280
1323870
1340330
1359810
1352770
1349050
1354390
1382870
1349340
1331520
1346170
1325060
1306987.2
1351622.4
1361985.6
1391606.4
1364086.8
1400817
1422624.6
1434140.4
1439954.4
1458028.8
1452214.8
1434120
1447757.4
1440535.8
1458385.8
1457284.2
1481407.2
1456906.8
1450603.2
1467025.2
1442606.4
1447012.8
1467474
1441290.6
1431508.8
1427592
1456702.8
1449868.8
1436904.6
1438271.4
1435017.6
1488594.7
1486914.8
1489846.6
1504623.3
1523519.5
1460667.7
1328768.8
1304073.2
1311188.7
1334578.9
1356856.3
1391642
1411340.7
1421602
1408858.3
1418049.6
1445495.1
1434987.7
1408836.9
1446008.7
1435158.9
1421773.2
1432259.2
1455167.9
1440797.8
1444082.7
1438165.6
1475626.3
1440123.7
1431157.1
1486882.7
1474406.5
1462604.4
1473989.2
1469174.2
1439000.2
1423324.7
1447806.3
1442980.6
1428899.4
1424940.4
1469473.8
1453306.1
1429156.2
1453691.3
1437480.8
1458998.5
1458356.5
1458549.1
1430343.9
1422351
1441792.9
1446383.2
1429445.1
1438497.3
1456879.9
1428385.8
1413416.5
1425004.6
1390807.4
1383745.4
1401496.7
1419365.7
1394819.9
1397826.6
1421933.7
1398318.8
1417953.3
1426866.4
1447603
1429723.3
1420724.6
1438069.3
1421398.7
1423677.8
1422276.1
1432248.5
1408719.2
1392626.4
1414914.5
1414197.6
1407392.4
1415941.7
1449026.1
1436346.6
1435105.4
1452460.8
1438625.7
1448084.5
1366090.4
1266710
1281760
1318860
1331520
1285850
1304540
1325880
1340010
1301300
1305710
1280760
1324020
1356900
1344900
1371630
1347410
1327260
1360980
1362050
1356340
1387710
1366510
1342290
1348150
1345190
1330920
1336410
1340750
1377530
1327640
1332300
1354390
1318410
1339370
1350680
1358900
1339290
1342410
1388060
1397430
1432160
1508150
1483670
1436710
1427710
1468440
1485180
1479840
1425040
1464890
1478480
1459840
1483270
1502090
1455470
1441600
1456490
1480080
1456290
1419730
1393860
1468480
1429200
1417330
1433420
1442950
1500740
1492560
1526770
1542700
1544140
1534430
1537780
1564160
1597480
1556320
1547750
1561510
1490090
1491990
1489830
1586350
1566250
1587230
1594120
1581420
1542740
1587060
1549210
1576930
1556740
1501440
1502180
1512820
1536970
1559050
1592310
1545440
1575150
1527340
1524160
1568420
1570770
1590840
1574940
1560770
1473650
1494590
1536030
1543090
1476690
1514560
1516680
1519090
1528940
1556320
1571340
1554350
1537120
1539440
1523710
1559420
1529260
1480640
1488630
1493990
1505450
1474570
1477440
1519150
1489630
1461480
1454780
1444820
1444960
1435480
1452010
1431100
1437430
1449150
1433930
1417890
1418170
1432430
1452820
1409870
1420200
1431160
1391710
1382970
1390380
1387110
1299970
1294680
1261640
1302310
1380950
1377090
1381820
1378670
1388350
1402010
1363480
1353570
1392550
1383290
1372460
1375300
1374950
1375830
1366500
1410580
1383940
1380230
1369380
1346350
1341390
1337950
1366400
1356210
1360290
1354220
1353900
1346860
1387102.5
1421511
1419621
1401960
1416019.5
1422991.5
1400658
1387648.5
1420261.5
1408533
1412260.5
1417678.5
1427905.5
1400836.5
1386976.5
1418592
1440904.5
1450102.5
1435213.5
1452801
1410433.5
1397182.5
1421290.5
1414413
1428798
1424640
1425669
1409383.5
1395145.5
1425406.5
1443088.5
1426330.5
1419925.5
1429711.5
1404291
1400553
1418728.5
1426509
1430194.5
1427727
1444243.5
1415515.5
1407325.5
1418991
1407640.5
1398526.5
1405372.5
1405215
1390977
1381684.5
1399755
1400689.5
1379479.5
1373830.5
1386987
1368244.5
1358185.5
1377547.5
1377684
1370407.5
1307302.5
1391050.08
1404728.64
1447296.48
1445381.28
1494541.44
1450391.04
1450945.44
1445693.76
1425402.72
1413427.68
1432630.08
1443335.04
1437105.6
1462446.72
1462033.44
1450139.04
1467547.2
1498835.52
1511889.12
1504510.56
1507393.44
1514308.32
1506103.2
1502373.6
1518219.36
1500377.76
1380980.16
1364580
1405091.52
1408357.44
1407157.92
1487230.5
1517722.5
1536139.5
1528548
1531068
1503663
1506561
1521471
1517155.5
1515213
1514919
1521397.5
1504996.5
1512430.5
1533787.5
1534543.5
1508472
1503904.5
1536969
1505343
1488490.5
1495032
1526059.5
1507443
1481025
1496187
1511496
1489908
1505721
1505196
1496323.5
1497468
1555648.5
1494391.5
1481886
1500912
1491294
1500849
1514068.5
1530133.5
1495368
1489750.5
1517071.5
1509574.5
1473055.5
1492375.5
1509627
1481298
1496050.5
1507453.5
1506256.5
1502455.5
1496512.5
1494832.5
1493845.5
1471554
1479607.5
1475670
1466766
1475145
1493887.5
1452234
1453662
1485508.5
1480006.5
1503799.5
1502770.5
1516819.5
1453662
1471354.5
1485970.5
1496985
1513617
1482001.5
1534963.5
1520578.5
1510845
1572963
1583494.5
1510225.5
1481823
1523361
1488364.5
1484143.5
1483608
1458072
1483755
1465852.5
1390074
1367890
1399950
1432670
1451010
1435720
1430710
1425470
1404330
1382210
1413860
1436540
1453670
1475930
1478720
1420880
1446550
1495420
1526590
1457080
1444130
1453120
1406000
1405260
1459450
1474070
1451760
1435800
1453290
1430840
1437240
1445670
1389860
1427760
1413200
1447330
1429490
1368250
1448950
1461170
1480370
1479960
1448130
1455770
1463020
1515260
1540570
1459190
1453270
1500970
1493740
1482280
1507340
1501530
1509960
1506740
1527340
1560290
1572500
1590170
1498890
1495970
1597180
1569850
1533150
1524640
1542450
1543830
1537640
1540800
1536500
1525700
1487210
1553910
1572910
1576610
1575360
1528840
1520180
1521430
1575450
1589230
1573050
1538670
1567240
1556830
1547090
1580370
1567450
1581300
1577660
1563050
1532610
1523860
1570280
1551830
1587100
1613010
1544010
1555970
1551250
1575080
1599690
1615320
1630180
1587090
1556830
1542470
1558180
1586470
1589070
1572270
1572280
1471980
1543220
1549580
1582920
1566840
1558000
1572140
1535190
1540180
1555850
1568130
1583780
1585680
1588300
1577240
1560860
1611820
1595120
1601840
1611810
1620480
1572390
1571260
1543680
1564230
1565910
1536470
1578210
1523700
1486200
1546060
1545540
1533000
1537300
1553850
1529260
1522280
1534890
1541440
1530450
1441370
1419170
1436890
1456970
1479250
1500230
1512960
1490600
1515400
1471210
1457420
1494240
1456740
1488540
1487670
1499550
1479980
1474260
1501410
1522290
1498560
1493750
1496150
1442510
1422650
1478290
1477040
1478370
1478630
1462710
1442910
1428040
1460510
1461380
1456690
1457980
1458730
1440960
1444450
1459240
1469170
1476140
1452260
1463790
1448570
1368610
1454000
1454530
1467670
1479160
1489920
1459290
1450710
1480430
1487750
1492300
1466390
1492890
1461730
1437890
1458590
1443100
1458020
1461300
1469450
1461310
1435560
1470370
1459690
1453850
1452910
1456030
1432900
1432160
1445730
1441360
1436060
1437130
1442240
1423760
1408450
1424960
1418890
1419570
1408580
1420740
1392350
1385050
1403300
1402520
1397880
187001.215
1408790
1436961.729
1397505.082
1420829.689
1455455.508
1452830.27
1428529.737
1454733.324
1455836.119
1471987.678
1481014.984
1509668.142
1482781.408
1466405.387
1483854.926
1470435.957
1447696.904
1457202.414
1458705.338
1455884.915
1441207.003
1457231.692
1456304.563
1440328.671
1451854.345
1456529.026
1458354.005
1451278.549
1469586.902
1461437.928
1479443.745
1465117.166
1537233.8
1520918.6
1488185.2
1570564.6
1551252.1
1534885.4
1547781
1558070.7
1559718.7
1535956.6
1565064.4
1580442.3
1551386
1533433.1
1527325.2
1525739
1490451.2
1392055.3
1360671.2
1389387.6
1400841.2
1411687.1
1416383.9
1399574.3
1451465.7
1483478.1
1480594.1
1501791.5
1506323.5
1492809.9
1486537.2
1487289.1
1484497.8
1502378.6
1505777.6
1536090.5
1505602.5
1501297.1
1517890.4
1501008.7
1503954.5
1486825.6
1521320.3
1496239.8
1501214.7
1499144.4
1486279.7
1472838.2
1516293.9
1525831.7
1471777.3
1448550.8
1528684.8
1506848.8
1502594.9
1498763.3
1484631.7
1476134.2
1484631.7
1475279.3
1489616.9
1469542.2
1471643.4
1494808.1
1498516.1
1476772.8
1503789.7
1488700.2
1496991.7
1491460.6
1487907.1
1453031.3
1446542.3
1465144.1
1480326.3
1494993.5
1500524.6
1504799.1
1501595.8
1477833.7
1519033.7
1537717.9
1507199
1516520.5
1541364.1
1529539.7
1482180.3
1467265.9
1487876.2
1403560.4
1428920
1434000
1435930
1391170
1441330
1467060
1469400
1479310
1478860
1458640
1450690
1484670
1498980
1502510
1528540
1536500
1494270
1475700
1505690
1511780
1527360
1523750
1536180
1509540
1490040
1534220
1543050
1557000
1582320
1590620
1543070
1547470
1576980
1577880
1583490
1553730
1563140
1554070
1530880
1571950
1588110
1614930
1559470
1576070
1479340
1470600
1563160
1572780
1538520
1545420
1575120
1561400
1498540
1554100
1611960
1618830
1564770
1572410
1570770
1565140
1579350
1620150
1566240
1533160
1572030
1609240
1648990
1631210
1594560
1551710
1542080
1608020
1582680
1612600
1636730
1640670
1613390
1608770
1642850
1595290
1577790
1525620
1555070
1480340
1484870
1512480
1574950
1567340
1567920
1567340
1537850
1604340
1597270
1634060
1623090
1639780
1603460
1588150
1587690
1551020
1527180
1563080
1574850
1538920
1541300
1585630
1598580
1590660
1602360
1603580
1579050
1582710
1639330
1695050
1641320
1656090
1658760
1653430
1635660
1637270
1607240
1572140
1544700
1545585.6
1608287.2
1631666.4
1594101.6
1618541.6
1602920.8
1593997.6
1632092.8
1647287.2
1639227.2
1607517.6
1560270.4
1606997.6
1561248
1603700.8
1593852
1599561.6
1592479.2
1600674.4
1582235.2
1582838.4
1615754.4
1621349.6
1604553.6
1591470.4
1601527.2
1575121.6
1524608.8
1481428
1422844.8
1455272
1535071.2
1574653.6
1486232.8
1525056
1551929.6
1544784.8
1538576
1549028
1546012
1527832.8
1497038.4
1493024
1511005.6
1506388
1508395.2
1515280
1505961.6
1472109.6
1520147.2
1503829.6
1513886.4
1520896
1499804.8
1500096
1484142.4
1502696
1488073.6
1485047.2
1464912.8
1485816.8
1479899.2
1429355.2
1461387.2
1487886.4
1470133.6
1485026.4
1479431.2
1488084
1436614.4
1490340.8
1506970.4
1511484
1501344
1525940
1492067.2
1491620
1518784.8
1492847.2
1516923.2
1511577.6
1538898.4
1519741.6
1517984
1548320.8
1528456.8
1530120.8
1548872
1551856.8
1521738.4
1519897.6
1538804.8
1533417.6
1501364.8
1561466.4
1564243.2
1564825.6
1540968
1552584.8
1567259.2
1553988.8
1543994.4
1555538.4
1534197.6
1492493.6
1526439.2
1532419.2
1526335.2
1527146.4
1538451.2
1480824.8
1497943.2
1518202.4
1510880.8
1507012
1512565.6
1542184.8
1507313.6
1488780.8
1504016.8
1482062.4